B部分
情況見大型公共活動。你是 ch 組織的 lave ig 錦標賽的一部分。擁有女子網球的公司！ rk for 職業活動 你是 Nico Lin。你喲！ g 維多利亞委員會負責組織！ ;上午 7 點，Anthony Au，j 5 1 8 1 2 2 804 480 32 23 83.552956 blic，
5 1 8 1 2 3 849 477 25 21 96.862732
5 1 8 1 2 4 881 470 41 25 95.395699 頭
5 1 8 1 2 5 928 468 21 22 96.955658 的
5 1 8 1 2 6 952 467 27 20 93.005890
5 1 8 1 2 7 986 462 75 21 43.137367 維弗里亞
5 1 8 1 2 8 1067 453 37 24 96.934914 杯
5 1 8 1 2 9 1112 444 64 31 93.474091 項目
5 1 8 1 2 10 1183 443 17 18 95.230354 TE
5 1 8 1 2 11 1380 446 8 15 75.506905 S
5 1 8 1 2 12 1394 442 37 30 71.534698 敏銳
5 1 8 1 2 13 1437 460 13 21 71.106621 TG
3 1 8 2 0 0 395 487 446 39 -1
4 1 8 2 1 0 665 487 161 14 -1
5 1 8 2 1 1 665 495 3 4 0.000000 ‘
5 1 8 2 1 2 822 487 4 14 76.107018 它
4 1 8 2 2 0 395 487 446 39 -1
5 1 8 2 2 1 395 500 17 19 95.246895 在
5 1 8 2 2 2 419 501 47 19 96.630943 訂單
5 1 8 2 2 3 472 504 17 16 94.870026 至
5 1 8 2 2 4 496 504 72 22 94.870026 推廣
5 1 8 2 2 5 575 500 26 19 96.695229
5 1 8 2 2 6 608 498 71 19 95.316925 維多利亞
5 1 8 2 2 7 685 493 35 23 96.987839 杯
5 1 8 2 2 8 726 493 17 16 96.848053 至
5 1 8 2 2 9 750 487 25 21 95.389908
5 1 8 2 2 10 781 489 60 21 50.335258 公共,
2 1 9 0 0 0 394 525 1055 51 -1
3 1 9 1 0 0 394 525 1055 51 -1
4 1 9 1 1 0 637 525 666 21 -1
5 1 9 1 1 1 637 527 13 19 96.457024 是
5 1 9 1 1 2 656 531 10 14 91.799698
5 1 9 1 1 3 672 525 68 19 4.786873 成功。
5 1 9 1 1 4 1300 530 3 4 35.655563 ‘我
4 1 9 1 2 0 394 531 1055 45 -1
5 1 9 1 2 1 394 535 59 16 88.076256 確保
5 1 9 1 2 2 460 532 32 19 96.865074 那個
5 1 9 1 2 3 498 531 27 20 96.876251
5 1 9 1 2 4 531 531 99 19 72.043861 錦標賽
5 1 9 1 2 5 1064 555 10 15 38.730125 4
5 1 9 1 2 6 1081 544 92 24 91.147858 塔拉諾瓦,
5 1 9 1 2 7 1182 536 31 21 96.708275 她
5 1 9 1 2 8 1221 534 52 25 96.866829 代理
5 1 9 1 2 9 1281 531 60 22 96.866631 維克多
5 1 9 1 2 10 1350 534 66 30 55.369278 洛朗
5 1 9 1 2 11 1423 553 26 23 45.694008
2 1 10 0 0 0 395 553 668 94 -1
3 1 10 1 0 0 395 553 668 94 -1
4 1 10 1 1 0 912 553 151 29 -1
5 1 10 1 1 1 912 565 3 3 79.831001 是
5 1 10 1 1 2 939 565 24 17 96.306938 星
5 1 10 1 1 3 970 554 53 25 92.424911 已撥打
5 1 10 1 1 4 1032 553 31 20 95.461929 拉爾
4 1 10 1 2 0 395 569 544 42 -1
5 1 10 1 2 1 395 591 38 20 96.365044 你
5 1 10 1 2 2 441 592 33 19 96.099983 將
5 1 10 1 2 3 483 592 46 19 96.488693 聽
5 1 10 1 2 4 537 594 16 16 96.194626 至
5 1 10 1 2 5 567 596 3 14 83.562660
5 1 10 1 2 6 577 590 52 19 94.788589 縮放
5 1 10 1 2 7 637 585 69 23 85.377312 會議
5 1 10 1 2 8 713 582 72 19 86.752914 之間
5 1 10 1 2 9 793 581 9 14 54.721165 @
5 1 10 1 2 10 810 576 54 23 0.000000 楊
5 1 10 1 2 11 871 569 68 19 6.846666 ee
4 1 10 1 3 0 395 622 115 25 -1
5 1 10 1 3 1 395 622 77 25 96.954964 安東尼
5 1 10 1 3 2 480 622 30 19 85.685425 金。
2 1 11 0 0 0 1055 627 393 43 -1
3 1 11 1 0 0 1055 627 393 43 -1
4 1 11 1 1 0 1055 627 393 43 -1
5 1 11 1 1 1 1055 637 148 28 65.519409 問題-答案
5 1 11 1 1 2 1210 627 53 23 96.894539 書籍
5 1 11 1 1 3 1271 627 33 20 96.962975 和
5 1 11 1 1 4 1313 628 27 21 96.950401
5 1 11 1 1 5 1348 630 43 24 93.306023 數據
5 1 11 1 1 6 1397 637 31 26 70.668678 斐濟
5 1 11 1 1 7 1434 650 14 20 45.969643 ‘a
2 1 12 0 0 0 747 646 307 43 -1
3 1 12 1 0 0 747 646 307 43 -1
4 1 12 1 1 0 747 646 307 43 -1
5 1 12 1 1 1 747 670 5 19 53.421837 我
5 1 12 1 1 2 759 670 40 18 88.093857 有
5 1 12 1 1 3 807 665 34 20 96.823471 五
5 1 12 1 1 4 849 661 68 20 95.900475 分鐘
5 1 12 1 1 5 925 659 16 17 96.588341 至
5 1 12 1 1 6 948 652 49 25 95.415154 研究
5 1 12 1 1 7 1004 649 26 20 93.270218
5 1 12 1 1 8 1038 646 16 24 54.984573 Q'
2 1 13 0 0 0 396 671 453 47 -1
3 1 13 1 0 0 396 671 453 47 -1
4 1 13 1 1 0 554 671 191 22 -1
5 1 13 1 1 1 554 680 4 4 96.536873
5 1 13 1 1 2 590 679 2 3 91.887894
5 1 13 1 1 3 690 678 21 15 74.307533 歐
5 1 13 1 1 4 719 671 26 19 82.426506 將
4 1 13 1 2 0 396 676 453 42 -1
5 1 13 1 2 1 396 681 61 20 96.863518 前
5 1 13 1 2 2 463 682 26 19 96.981781
5 1 13 1 2 3 497 680 84 24 96.981781 錄音
5 1 13 1 2 4 589 684 13 14 96.952515 是
5 1 13 1 2 5 610 676 62 27 93.291054 已播放，
5 1 13 1 2 6 679 680 11 19 73.499969 是
5 1 13 1 2 7 768 698 25 20 56.988052 公頃
5 1 13 1 2 8 800 694 49 21 76.579300 任務。
2 1 14 0 0 0 396 699 366 36 -1
3 1 14 1 0 0 396 699 366 36 -1
4 1 14 1 1 0 396 699 366 36 -1
5 1 14 1 1 1 396 711 94 20 96.879272 熟悉
5 1 14 1 1 2 496 709 74 26 93.160202 你自己
5 1 14 1 1 3 574 709 39 19 93.160202 與
5 1 14 1 1 4 618 707 26 20 96.978409
5 1 14 1 1 5 651 703 73 22 91.501709 情況
5 1 14 1 1 6 730 699 32 22 96.866196 和
2 1 15 0 0 0 810 722 637 53 -1
3 1 15 1 0 0 810 722 637 53 -1
4 1 15 1 1 0 821 722 626 52 -1
5 1 15 1 1 1 821 761 8 13 43.587952 秒
5 1 15 1 1 2 838 754 14 19 96.181931 在
5 1 15 1 1 3 860 752 27 19 93.295143
5 1 15 1 1 4 895 744 157 30 89.812462 問答
5 1 15 1 1 5 1060 734 49 24 96.887878 圖書
5 1 15 1 1 6 1117 730 32 23 96.705933 和
5 1 15 1 1 7 1158 734 22 15 96.705933 上
5 1 15 1 1 8 1188 726 30 21 94.032806
5 1 15 1 1 9 1226 722 96 28 94.032806 錄製。
5 1 15 1 1 10 1331 724 40 23 95.082321 你
5 1 15 1 1 11 1379 731 31 22 66.954620 無線）
5 1 15 1 1 12 1417 737 30 26 96.293816 鰭
4 1 15 1 2 0 810 762 10 13 -1
5 1 15 1 2 1 810 762 10 13 30.041819 奈秒
2 1 16 0 0 0 396 756 1051 98 -1
3 1 16 1 0 0 396 756 1051 98 -1
4 1 16 1 1 0 661 756 718 26 -1
5 1 16 1 1 1 661 765 3 3 96.609230
5 1 16 1 1 2 694 763 26 19 92.729118
5 1 16 1 1 3 728 757 81 23 71.167549 指令
5 1 16 1 1 4 1021 771 3 4 63.782051
5 1 16 1 1 5 1151 757 95 25 96.346695 錄製。
5 1 16 1 1 6 1255 756 26 19 96.967018 作為
5 1 16 1 1 7 1288 762 35 18 96.967018 你
5 1 16 1 1 8 1331 757 48 23 95.168076 聽
4 1 16 1 2 0 396 763 1051 60 -1
5 1 16 1 2 1 396 771 40 49 32.171425 撒尿
5 1 16 1 2 2 451 770 75 51 30.117184 埃特
5 1 16 1 2 3 554 769 45 54 10.952110 EF
5 1 16 1 2 4 603 766 97 51 13.618317
5 1 16 1 2 5 706 784 155 37 92.734047 問答
5 1 16 1 2 6 867 780 52 23 96.817261 書,
5 1 16 1 2 7 926 778 26 20 96.817261
5 1 16 1 2 8 958 776 43 20 96.492172 數據
5 1 16 1 2 9 1006 771 35 21 96.750259 文件
5 1 16 1 2 10 1048 767 32 22 90.883125 和
5 1 16 1 2 11 1087 771 22 15 90.883125 上
5 1 16 1 2 12 1116 763 28 20 96.909203
5 1 16 1 2 13 1385 768 30 20 93.576088 你
5 1 16 1 2 14 1422 775 25 21 76.434875 可以
4 1 16 1 3 0 396 823 337 31 -1
5 1 16 1 3 1 396 831 47 19 96.915436 製造
5 1 16 1 3 2 450 835 45 15 96.834290 註釋
5 1 16 1 3 3 502 837 21 12 96.977356 上
5 1 16 1 3 4 529 835 41 19 96.370949 頁
5 1 16 1 3 5 577 829 8 19 95.528870 3
5 1 16 1 3 6 593 828 21 19 95.528870 的
5 1 16 1 3 7 616 827 26 20 93.310539
5 1 16 1 3 8 648 826 42 19 96.618736 數據
5 1 16 1 3 9 695 823 38 20 96.310036 文件。
2 1 17 0 0 0 1455 208 16 730 -1
3 1 17 1 0 0 1455 208 16 730 -1
4 1 17 1 1 0 1455 208 16 730 -1
5 1 17 1 1 1 1455 208 16 730 95.000000
2 1 18 0 0 0 370 240 11 711 -1
3 1 18 1 0 0 370 240 11 711 -1
4 1 18 1 1 0 370 240 11 711 -1
5 1 18 1 1 1 370 240 11 711 95.000000
2 1 19 0 0 0 375 903 996 48 -1
3 1 19 1 0 0 375 903 996 48 -1
4 1 19 1 1 0 375 903 996 48 -1
5 1 19 1 1 1 375 903 996 48 95.000000
2 1 20 0 0 0 911 1379 438 15 -1
3 1 20 1 0 0 911 1379 438 15 -1
4 1 20 1 1 0 911 1379 438 15 -1
5 1 20 1 1 1 911 1379 438 15 95.000000
2 1 21 0 0 0 933 1567 461 16 -1
3 1 21 1 0 0 933 1567 461 16 -1
4 1 21 1 1 0 933 1567 461 16 -1
5 1 21 1 1 1 933 1567 461 16 95.000000
2 1 22 0 0 0 394 850 1049 979 -1
3 1 22 1 0 0 395 850 1048 490 -1
4 1 22 1 1 0 396 850 915 61 -1
5 1 22 1 1 1 396 891 38 20 95.527596 你
5 1 22 1 1 2 439 896 38 14 96.931664 現在
5 1 22 1 1 3 483 890 41 20 96.931664 有
5 1 22 1 1 4 531 889 32 20 96.373642 五
5 1 22 1 1 5 569 888 69 20 96.900978 分鐘
5 1 22 1 1 6 644 889 17 16 96.980774 至
5 1 22 1 1 7 667 881 93 23 96.512733 熟悉
5 1 22 1 1 8 765 876 75 29 94.571220 你自己
5 1 22 1 1 9 843 873 39 21 92.284523 與
5 1 22 1 1 10 887 872 27 20 92.284523
5 1 22 1 1 11 921 865 158 29 85.942444 問答
5 1 22 1 1 12 1083 857 52 23 96.969032 書籍
5 1 22 1 1 13 1141 854 32 22 96.991943 和
5 1 22 1 1 14 1180 853 29 21 96.996536
5 1 22 1 1 15 1216 852 46 20 96.980118 數據
5 1 22 1 1 16 1267 850 44 22 88.671913 文件，
4 1 22 1 2 0 395 1244 100 24 -1
5 1 22 1 2 1 395 1244 100 24 96.926315 目錄
4 1 22 1 3 0 1407 1312 36 28 -1
5 1 22 1 3 1 1407 1312 36 28 96.241081 頁碼
3 1 22 2 0 0 394 1370 1041 459 -1
4 1 22 2 1 0 397 1370 1038 31 -1
5 1 22 2 1 1 397 1376 13 20 62.661625 1.
5 1 22 2 1 2 473 1376 82 25 96.877022 聽力
5 1 22 2 1 3 561 1375 99 25 96.187447 筆記
5 1 22 2 1 4 666 1374 44 21 85.804863 張
5 1 22 2 1 5 717 1373 25 21 95.499207 為
5 1 22 2 1 6 748 1372 25 21 96.955177
5 1 22 2 1 7 779 1372 52 20 95.627029 縮放
5 1 22 2 1 8 838 1370 71 26 95.399612 會議
5 1 22 2 1 9 1426 1376 9 21 96.346275 3
4 1 22 2 2 0 394 1434 1040 26 -1
5 1 22 2 2 1 394 1437 16 17 61.664776 2.
5 1 22 2 2 2 474 1437 50 19 35.030876 電子郵件
5 1 22 2 2 3 531 1437 41 19 96.526840 來自
5 1 22 2 2 4 578 1436 76 24 96.677299 安東尼
5 1 22 2 2 5 660 1436 26 19 75.999825 金
5 1 22 2 2 6 693 1438 15 17 75.999825 至
5 1 22 2 2 7 714 1435 43 19 63.628315 尼科
5 1 22 2 2 8 763 1434 28 20 71.176315 林
5 1 22 2 2 9 802 1446 406 7 0.000000 日落
5 1 22 2 2 10 1210 1446 174 9 0.000000 frsegennesennntntnniy
5 1 22 2 2 11 1425 1438 9 20 96.952461 4
4 1 22 2 3 0 394 1494 1040 27 -1
5 1 22 2 3 1 394 1495 16 19 65.291756 3：
5 1 22 2 3 2 473 1496 86 20 96.700752 志願者
5 1 22 2 3 3 565 1496 114 25 95.863678 機會
5 1 22 2 3 4 686 1495 52 21 96.331451 通知
5 1 22 2 3 5 745 1497 34 19 96.256584 發送
5 1 22 2 3 6 785 1498 16 17 96.609390 至
5 1 22 2 3 7 808 1495 49 26 95.750992 香港
5 1 22 2 3 8 863 1494 49 27 95.750992 孔
5 1 22 2 3 9 918 1494 75 21 92.502495 慈善機構
5 1 22 2 3 10 1000 1510 383 8 0.000000